=~=~=~=~=~=~=~=~=~=~=~= PuTTY log 2023.09.15 21:53:42 =~=~=~=~=~=~=~=~=~=~=~=
Reference Angle [degree],Measured Angle [degree] 
360.500000,287.804260
357.500000,288.850769
354.500000,287.005646
351.500000,284.783234
Reference Angle [degree],Measured Angle [degree] 
Reference Angle [degree],Measured Angle [degree] 
360.500000,287.250641
357.500000,288.539154
354.500000,286.811279
351.500000,284.713531
Reference Angle [degree],Measured Angle [degree] 
Reference Angle [degree],Measured Angle [degree] 
360.500000,287.237976
357.500000,288.493835
354.500000,286.761200
351.500000,284.721466
348.500000,282.194427
345.500000,279.015198
342.500000,271.969055
339.500000,265.281311
336.500000,262.560028
333.500000,260.531097
330.500000,258.664307
327.500000,256.599274
324.500000,254.704361
321.500000,252.798355
318.500000,250.193542
315.500000,245.884811
312.500000,235.780197
309.500000,231.752380
306.500000,229.679916
303.500000,227.834595
300.500000,225.911224
297.500000,224.399994
294.500000,222.515228
291.500000,220.638107
288.500000,218.497482
285.500000,215.349380
282.500000,210.189240
279.500000,202.875488
276.500000,200.020737
273.500000,197.986755
270.500000,196.040268
267.500000,194.127747
264.500000,192.369019
261.500000,190.414001
258.500000,188.084473
255.500000,185.121490
252.500000,176.107773
249.500000,170.133530
246.500000,167.651291
243.500000,165.570175
240.500000,163.869415
237.500000,162.034134
234.500000,160.141479
231.500000,158.254486
228.500000,155.709030
225.500000,151.581970
222.500000,144.853088
219.500000,140.804001
216.500000,138.774124
213.500000,136.845795
210.500000,135.290070
207.500000,133.683395
204.500000,131.972748
201.500000,130.409927
198.500000,128.293549
195.500000,125.563103
192.500000,119.931320
189.500000,111.933426
186.500000,109.443497
183.500000,107.661644
180.500000,105.770538
177.500000,104.158028
174.500000,102.409714
171.500000,100.469734
168.500000,98.325378
165.500000,95.393700
162.500000,89.418671
159.500000,83.630241
156.500000,81.382927
153.500000,79.504395
150.500000,77.610184
147.500000,76.140495
144.500000,74.209450
141.500000,72.467438
138.500000,70.276711
135.500000,66.585320
132.500000,57.190235
129.500000,53.750141
126.500000,51.663143
123.500000,50.083195
120.500000,48.311420
117.500000,46.813385
114.500000,45.095715
111.500000,43.236542
108.500000,41.234718
105.500000,38.249210
102.500000,33.422718
99.500000,26.806225
96.500000,24.273352
93.500000,22.242422
90.500000,20.617992
87.500000,18.862669
84.500000,17.165689
81.500000,15.471217
78.500000,13.290461
75.500000,10.532124
72.500000,1.948552
69.500000,355.558868
66.500000,356.759674
63.500000,354.894684
60.500000,353.108246
57.500000,351.259308
54.500000,349.446198
51.500000,347.466431
48.500000,344.851196
45.500000,340.597504
42.500000,333.386841
39.500000,329.219849
36.500000,327.057892
33.500000,325.319244
30.500000,323.464172
27.500000,321.852966
24.500000,320.190063
21.500000,318.307068
18.500000,316.321594
15.500000,313.652374
12.500000,306.910004
9.500000,297.950409
6.500000,295.292114
3.500000,293.371490
0.500000,291.592590
360.500000,291.582153
357.500000,289.571899
354.500000,287.791290
351.500000,285.816620
348.500000,283.281830
345.500000,280.172180
342.500000,272.791412
339.500000,266.513062
336.500000,263.943024
333.500000,261.909088
330.500000,260.089264
327.500000,258.092072
324.500000,256.308838
321.500000,254.326538
318.500000,251.787460
315.500000,247.753403
312.500000,237.263626
309.500000,233.505768
306.500000,231.376648
303.500000,229.377075
300.500000,227.850723
297.500000,226.034790
294.500000,224.351089
291.500000,222.649643
288.500000,220.306351
285.500000,217.302917
282.500000,212.061920
279.500000,205.083221
276.500000,202.365463
273.500000,200.186600
270.500000,198.096008
267.500000,196.534409
264.500000,194.598450
261.500000,192.489960
258.500000,190.433029
255.500000,187.608582
252.500000,178.381989
249.500000,172.267288
246.500000,169.799255
243.500000,168.001099
240.500000,166.178574
237.500000,164.253235
234.500000,162.676468
231.500000,160.591293
228.500000,157.983032
225.500000,154.300629
222.500000,147.131500
219.500000,143.375122
216.500000,141.148148
213.500000,139.527710
210.500000,137.842163
207.500000,136.176849
204.500000,134.692459
201.500000,132.768250
198.500000,130.920776
195.500000,128.194992
192.500000,122.302849
189.500000,114.348747
186.500000,111.840538
183.500000,109.795204
180.500000,108.140167
177.500000,106.406189
174.500000,104.596619
171.500000,102.901115
168.500000,100.638634
165.500000
Reference Angle [degree],Measured Angle [degree] 
0.200000,287.482056
3.200000,288.339325
6.200000,286.459381
9.200000,284.273254
12.200000,281.622101
15.200000,278.146667
18.200001,269.561127
21.200001,264.714386
24.200001,262.143890
27.200001,259.998566
30.200001,258.198547
33.200001,256.270447
36.200001,254.136383
39.200001,252.188736
42.200001,249.472015
45.200001,244.614899
48.200001,234.235535
51.200001,231.213593
54.200001,229.173035
57.200001,227.507111
60.200001,225.538376
63.200001,223.961166
66.199997,222.192261
69.199997,220.143188
72.199997,217.810349
75.199997,214.430084
78.199997,207.909027
81.199997,202.134018
84.199997,199.534790
87.199997,197.551483
90.199997,195.646011
93.199997,193.716797
96.199997,191.911819
99.199997,190.011673
102.199997,187.591095
105.199997,184.419312
108.199997,173.598984
111.199997,169.490234
114.199997,167.262360
117.199997,165.173752
120.199997,163.354492
123.199997,161.690720
126.199997,159.663864
129.199997,157.629105
132.199997,154.950424
135.199997,150.551834
138.199997,143.383881
141.199997,140.169769
144.199997,138.353943
147.199997,136.589401
150.199997,134.863541
153.199997,133.377747
156.199997,131.597305
159.199997,129.995239
162.199997,127.897743
165.199997,124.980087
168.199997,116.540863
171.199997,111.268616
174.199997,108.931114
177.199997,107.237053
180.199997,105.450127
183.199997,103.661377
186.199997,102.062141
189.199997,99.997467
192.199997,97.621185
195.199997,94.445160
198.199997,87.410324
201.199997,82.343994
Reference Angle [degree],Measured Angle [degree] 
Reference Angle [degree],Measured Angle [degree] 
0.200000,286.804352
3.200000,291.315704
6.200000,293.262787
9.200000,295.491272
12.200000,298.247040
15.200000,303.453400
18.200001,313.714172
21.200001,316.617523
24.200001,318.579071
27.200001,320.368256
30.200001,322.191284
33.200001,323.792389
36.200001,325.711609
39.200001,327.664215
42.200001,329.989288
45.200001,333.522278
48.200001,340.707703
51.200001,345.952271
54.200001,348.495483
57.200001,350.538605
60.200001,352.178345
63.200001,354.209839
66.199997,356.190033
69.199997,358.032257
72.199997,360.630981
75.199997,5.172301
78.199997,12.129049
81.199997,15.250672
84.199997,17.166319
87.199997,18.902529
90.199997,20.747852
93.199997,22.352564
96.199997,24.236074
99.199997,26.369167
102.199997,29.144497
105.199997,33.877567
108.199997,40.563911
111.199997,43.667599
114.199997,45.581104
117.199997,47.201641
120.199997,49.108818
123.199997,50.478390
126.199997,52.346249
129.199997,54.133457
132.199997,56.054089
135.199997,58.913830
138.199997,68.705811
141.199997,72.793190
144.199997,75.150017
147.199997,76.967072
150.199997,78.493172
153.199997,80.484764
156.199997,82.084450
159.199997,84.003838
162.199997,86.627541
165.199997,91.127411
168.199997,97.872902
171.199997,101.256775
174.199997,103.488251
177.199997,105.219452
180.199997,106.869415
183.199997,108.729202
186.199997,110.373009
189.199997,112.375237
192.199997,115.050537
195.199997,120.054710
198.199997,128.751999
201.199997,131.608215
204.199997,133.349777
207.199997,135.022995
210.199997,136.718628
213.199997,138.219849
216.199997,140.037384
219.199997,141.827957
222.199997,143.933395
225.199997,147.083878
228.199997,154.124527
231.199997,158.806107
234.199997,161.084763
237.199997,163.152985
240.199997,164.881195
243.199997,166.572464
246.199997,168.652359
249.199997,170.632736
252.199997,173.095566
255.199997,177.336411
258.200012,188.128479
261.200012,191.361450
264.200012,193.375214
267.200012,195.028854
270.200012,197.128830
273.200012,198.836288
276.200012,200.646133
279.200012,203.031464
282.200012,205.918655
285.200012,211.272995
288.200012,217.808243
291.200012,220.930099
294.200012,223.058456
297.200012,224.947662
300.200012,226.438690
303.200012,228.373489
306.200012,229.981842
309.200012,231.828705
312.200012,234.190491
315.200012,237.246979
318.200012,247.751511
321.200012,252.553894
324.200012,254.887329
327.200012,256.971130
330.200012,258.617004
333.200012,260.508057
336.200012,262.625092
339.200012,264.685669
342.200012,267.352020
345.200012,272.176208
348.200012,280.382751
351.200012,283.995239
354.200012,286.310577
357.200012,288.391418
360.200012,290.202606
363.200012,291.966217
366.200012,294.034302
369.200012,296.061218
372.200012,298.719849
375.200012,303.392334
378.200012,314.160706
381.200012,316.955811
384.200012,318.859283
387.200012,320.543579
390.200012,322.343994
393.200012,323.900452
396.200012,325.761414
399.200012,327.660309
402.200012,329.869263
405.200012,333.284332
408.200012,340.472137
411.200012,345.613037
414.200012,348.058777
417.200012,350.016174
420.200012,351.721283
423.200012,353.617981
426.200012,355.500824
429.200012,357.411102
432.200012,359.875732
435.200012,4.346377
438.200012,11.132899
441.200012,14.030897
444.200012,15.981001
447.200012,17.828463
450.200012,19.356459
453.200012,21.160036
456.200012,22.859365
459.200012,24.791880
462.200012,27.496222
465.200012,32.491543
468.200012,38.863304
471.200012,41.911076
474.200012,43.984795
477.200012,45.526470
480.200012,47.297028
483.200012,48.795467
486.200012,50.567120
489.200012,52.298729
492.200012,54.272930
495.200012,57.150711
498.200012,66.674141
501.200012,70.935722
504.200012,73.175896
507.200012,74.759125
510.200012,76.546234
513.200012,78.202492
516.200012,79.901482
519.200012,81.981781
522.200012,84.508904
525.200012,88.910378
528.200012,95.844612
531.200012,99.264030
534.200012,101.287872
537.200012,102.892532
540.200012,104.805817
543.200012,106.366432
546.200012,108.131447
549.200012,110.253349
552.200012,112.811111
555.200012,117.552376
558.200012,126.268204
561.200012,129.018524
564.200012,130.911697
567.200012,132.668808
570.200012,134.121658
573.200012,135.945190
576.200012,137.503891
579.200012,139.371155
582.200012,141.664078
585.200012,144.782898
588.200012,151.741882
591.200012,156.573624
594.200012,159.023666
597.200012,160.992249
600.200012,162.617233
603.200012,164.577591
606.200012,166.453308
609.200012,168.388580
612.200012,170.915390
615.200012,175.201721
618.200012,185.951248
621.200012,189.118515
624.200012,191.118652
627.200012,193.080826
630.200012,194.898880
633.200012,196.713120
636.200012,198.752579
639.200012,200.929840
642.200012,203.886169
645.200012,209.087753
648.200012,216.178802
651.200012,219.297668
654.200012,221.437561
657.200012,223.024292
660.200012,224.923615
663.200012,226.593750
666.200012,228.275192
669.200012,230.368652
672.200012,232.565628
675.200012,235.618805
678.200012,246.173615
681.200012,251.021896
684.200012,253.464554
687.200012,255.541550
690.200012,257.237030
693.200012,259.203735
696.200012,261.255890
699.200012,263.337860
702.200012,266.098206
705.200012,270.929077
708.200012,279.351959
711.200012,283.217285
714.200012,285.455719
717.200012,287.519775
720.200012,289.492218
723.200012,291.216553
726.200012,293.213837
729.200012,295.369537
732.200012,298.088745
735.200012,302.854340
738.200012,313.708069
741.200012,316.583801
744.200012,318.542786
747.200012,320.310852
750.200012,322.094147
753.200012,323.704071
756.200012,325.639984
759.200012,327.531158
762.200012,329.812317
765.200012,333.218170
768.200012,340.639282
771.200012,345.975739
774.200012,348.470306
777.200012,350.500885
780.200012,352.086731
783.200012,354.170441
786.200012,356.105591
789.200012,357.942810
792.200012,360.543579
795.200012,5.037119
798.200012,12.278869
801.200012,15.267882
804.200012,17.159185
807.200012,18.908501
810.200012,20.718687
813.200012,22.264273
816.200012,24.199871
819.200012,26.281582
822.200012,28.970919
825.200012,33.753017
828.200012,40.554409
831.200012,43.633934
834.200012,45.575741
837.200012,47.193291
840.200012,49.073154
843.200012,50.434452
846.200012,52.336681
849.200012,54.056278
852.200012,55.974319
855.200012,58.882755
858.200012,68.613052
861.200012,72.891083
864.200012,75.215500
867.200012,77.023994
870.200012,78.515274
873.200012,80.550827
876.200012,82.075325
879.200012,84.003044
882.200012,86.607071
885.200012,91.170906
888.200012,97.985115
891.200012,101.293945
894.200012,103.548225
897.200012,105.333641
900.200012,106.901276
903.200012,108.809288
906.200012,110.366936
909.200012,112.367569
912.200012,115.056976
915.200012,119.895599
918.200012,128.879776
921.200012,131.677063
924.200012,133.403610
927.200012,135.075577
930.200012,136.849976
933.200012,138.250931
936.200012,140.163742
939.200012,141.856903
942.200012,143.938110
945.200012,147.134964
948.200012,154.273727
951.200012,159.000946
954.200012,161.160202
957.200012,163.209427
960.200012,165.004684
963.200012,166.610764
966.200012,168.749283
969.200012,170.716522
972.200012,173.156525
975.200012,177.347153
978.200012,188.324158
981.200012,191.452011
984.200012,193.486588
987.200012,195.042465
990.200012,197.160233
993.200012,198.888626
996.200012,200.664185
999.200012,203.032227
1002.20001,205.897324
1005.20001,211.191895
1008.20001,217.821487
1011.20001,220.969940
1014.20001,223.133835
1017.20001,225.014847
1020.20001,226.475708
1023.20001,228.363159
1026.19995,230.001953
1029.19995,231.848846
1032.19995,234.200195
1035.19995,237.176117
1038.19995,247.768967
1041.19995,252.591888
1044.19995,254.914246
1047.19995,256.945740
1050.19995,258.632690
1053.19995,260.534637
1056.19995,262.609314
1059.19995,264.712708
1062.19995,267.317383
1065.19995,272.097839
1068.19995,280.411530
1071.19995,284.036011
1074.19995,286.346588
1077.19995,288.431946
1080.19995,290.173981
1083.19995,291.958984
1086.19995,293.990753
1089.19995,296.002411
1092.19995,298.629700
1095.19995,303.279999
1098.19995,314.175354
1101.19995,316.978851
1104.19995,318.849579
1107.19995,320.514069
1110.19995,322.362457
1113.19995,323.882233
1116.19995,325.709595
1119.19995,327.601959
1122.19995,329.815552
1125.19995,333.155548
1128.19995,340.487396
1131.19995,345.618011
1134.19995,348.101471
1137.19995,349.998016
1140.19995,351.688354
1143.19995,353.613373
1146.19995,355.457886
1149.19995,357.417542
1152.19995,359.840088
1155.19995,4.151068
1158.19995,11.148799
1161.19995,14.047920
1164.19995,15.973645
1167.19995,17.779993
1170.19995,19.305876
1173.19995,21.124104
1176.19995,22.820942
1179.19995,24.739092
1182.19995,27.387955
1185.19995,32.327152
1188.19995,38.880062
1191.19995,41.859604
1194.19995,43.904293
1197.19995,45.537540
1200.19995,47.225510
1203.19995,48.751198
1206.19995,50.475098
1209.19995,52.258739
1212.19995,54.210209
1215.19995,57.074738
1218.19995,66.706848
1221.19995,70.954971
1224.19995,73.138962
1227.19995,74.799026
1230.19995,76.540649
1233.19995,78.247215
1236.19995,79.910355
1239.19995,81.970741
1242.19995,84.520027
1245.19995,88.777878
1248.19995,95.923584
1251.19995,99.263542
1254.19995,101.339973
1257.19995,102.931702
1260.19995,104.839508
1263.19995,106.368973
1266.19995,108.125420
1269.19995,110.242249
1272.19995,112.861198
1275.19995,117.497650
1278.19995,126.401726
1281.19995,129.152679
1284.19995,130.965378
1287.19995,132.820541
1290.19995,134.227173
1293.19995,136.017487
1296.19995,137.613571
1299.19995,139.419189
1302.19995,141.738190
1305.19995,144.850525
1308.19995,151.930908
1311.19995,156.703979
1314.19995,159.111069
1317.19995,161.120071
1320.19995,162.692108
1323.19995,164.618179
1326.19995,166.572739
1329.19995,168.454117
1332.19995,170.971741
1335.19995,175.164917
1338.19995,186.047058
1341.19995,189.296448
1344.19995,191.255249
1347.19995,193.127731
1350.19995,194.963242
1353.19995,196.722855
1356.19995,198.776627
1359.19995,200.936127
1362.19995,203.835312
1365.19995,209.131058
1368.19995,216.201920
1371.19995,219.316345
1374.19995,221.480515
1377.19995,223.059570
1380.19995,224.936462
1383.19995,226.620270
1386.19995,228.286621
1389.19995,230.356995
1392.19995,232.565765
1395.19995,235.574860
1398.19995,246.207932
1401.19995,251.053513
1404.19995,253.482788
1407.19995,255.550522
1410.19995,257.191437
1413.19995,259.171783
1416.19995,261.308411
1419.19995,263.315277
1422.19995,266.004669
1425.19995,270.850830
1428.19995,279.336792
1431.19995,283.233246
1434.19995,285.479492
1437.19995,287.485474
Der STM32H7 hat folgende Temperatur: 44.000000°
Strom in Phase U: 0.125635A; Phase V: 0.057656A; Phase W: 0.303388A; NTC Spannung: 1.112088V 
Spannung: Phase U: 0.052218V; Phase V: 0.051362V; Phase W: 0.023969V; Versorgungsspannung: 17.973919V 
HALL Sensor Daten: 284.743652
Driver FAULT1: 0.000000 FAULT2: 0.000000 
Der STM32H7 hat folgende Temperatur: 45.000000°
Strom in Phase U: 0.118082A; Phase V: 0.059167A; Phase W: 0.332593A; NTC Spannung: 1.112088V 
Spannung: Phase U: 0.052218V; Phase V: 0.054786V; Phase W: 0.071907V; Versorgungsspannung: 17.973919V 
HALL Sensor Daten: 284.859009
Driver FAULT1: 0.000000 FAULT2: 0.000000 
Der STM32H7 hat folgende Temperatur: 45.000000°
Strom in Phase U: 0.124124A; Phase V: 0.051110A; Phase W: 0.310436A; NTC Spannung: 1.112088V 
Spannung: Phase U: 0.025681V; Phase V: 0.024825V; Phase W: 0.026537V; Versorgungsspannung: 17.973919V 
HALL Sensor Daten: 284.782104
Driver FAULT1: 0.000000 FAULT2: 0.000000 
Der STM32H7 hat folgende Temperatur: 45.000000°
Strom in Phase U: 0.123117A; Phase V: 0.049599A; Phase W: 0.314969A; NTC Spannung: 1.112088V 
Spannung: Phase U: 0.068482V; Phase V: 0.065058V; Phase W: 0.000000V; Versorgungsspannung: 17.973919V 
HALL Sensor Daten: 284.798584
Driver FAULT1: 0.000000 FAULT2: 0.000000 
D